0	32.40489355	-56.23823357	0	0	0
60	32.33200276	-56.16933634	0	0	0
120	32.25717567	-56.10289056	0	0	0
180	32.18141458	-56.03848108	0	0	0
240	32.10556682	-55.97406733	0	0	0
300	32.02979852	-55.90945618	0	0	0
360	31.95431815	-55.84497915	0	0	0
420	31.87866845	-55.78023657	0	0	0
480	31.80329804	-55.71583254	0	0	0
540	31.72830809	-55.65185742	0	0	0
600	31.65293508	-55.58789101	0	0	0
660	31.56967135	-55.54253242	0	0	0
720	31.48100523	-55.57619339	0	0	0
780	31.38815311	-55.59605573	0	0	0
840	31.29414277	-55.60034668	0	0	0
900	31.20054767	-55.59389086	0	0	0
960	31.10659023	-55.58714661	0	0	0
1020	31.01268752	-55.57938421	0	0	0
1080	30.91948612	-55.56997284	0	0	0
1140	30.8270354	-55.55952363	0	0	0
1200	30.73446457	-55.54903946	0	0	0
1260	30.64201931	-55.53887975	0	0	0
1320	30.54879511	-55.54092578	0	0	0
1380	30.45522122	-55.54127086	0	0	0
1440	30.36130275	-55.54002254	0	0	0
1500	30.26738151	-55.53899383	0	0	0
1560	30.17381064	-55.53796579	0	0	0
1620	30.08032476	-55.53684882	0	0	0
1680	29.98636798	-55.53560385	0	0	0
1740	29.89215807	-55.53415018	0	0	0
1800	29.79777206	-55.53258243	0	0	0
1860	29.70356558	-55.53136337	0	0	0
1920	29.60890481	-55.53041453	0	0	0
1980	29.51394171	-55.52972202	0	0	0
2040	29.41862346	-55.52922037	0	0	0
2100	29.32280883	-55.52832727	0	0	0
2160	29.2272367	-55.52712464	0	0	0
2220	29.13165542	-55.52602527	0	0	0
2280	29.03610231	-55.52489941	0	0	0
2340	28.9408331	-55.51849178	0	0	0
2400	28.84664716	-55.50754175	0	0	0
2460	28.75245175	-55.49648224	0	0	0
2520	28.65850202	-55.48614535	0	0	0
2580	28.56470768	-55.47708929	0	0	0
2640	28.47124427	-55.46940652	0	0	0
2700	28.37789996	-55.46330332	0	0	0
2760	28.28473577	-55.45827501	0	0	0
2820	28.191412	-55.45417786	0	0	0
2880	28.09826533	-55.45060524	0	0	0
2940	28.00475548	-55.44644128	0	0	0
3000	27.91191149	-55.44185621	0	0	0
3060	27.8195373	-55.43714952	0	0	0
3120	27.72721114	-55.43223789	0	0	0
3180	27.63426572	-55.42620351	0	0	0
3240	27.54115803	-55.42126866	0	0	0
3300	27.44807758	-55.42012612	0	0	0
3360	27.3544477	-55.41927461	0	0	0
3420	27.26082645	-55.41876683	0	0	0
3480	27.16759438	-55.41834178	0	0	0
3540	27.07401269	-55.41771339	0	0	0
3600	26.98034802	-55.41661159	0	0	0
3660	26.88639008	-55.41527476	0	0	0
3720	26.79241771	-55.41413968	0	0	0
3780	26.69847954	-55.41292012	0	0	0
3840	26.60434658	-55.41194748	0	0	0
3900	26.51040858	-55.41074275	0	0	0
3960	26.41632222	-55.40983742	0	0	0
4020	26.32299509	-55.40892497	0	0	0
4080	26.23006862	-55.40757582	0	0	0
4140	26.13650914	-55.4059991	0	0	0
4200	26.04274917	-55.40410722	0	0	0
4260	25.94918886	-55.40222758	0	0	0
4320	25.85596475	-55.40085889	0	0	0
4380	25.76271943	-55.3996695	0	0	0
4440	25.66939792	-55.39800787	0	0	0
4500	25.5760609	-55.39614701	0	0	0
4560	25.48257242	-55.39444238	0	0	0
4620	25.38903876	-55.39281746	0	0	0
4680	25.2952223	-55.3911073	0	0	0
4740	25.20150424	-55.38933068	0	0	0
4800	25.10804242	-55.38755648	0	0	0
4860	25.01451605	-55.38586468	0	0	0
4920	24.92104551	-55.38410473	0	0	0
4980	24.82747606	-55.38214646	0	0	0
5040	24.73446216	-55.37961496	0	0	0
5100	24.64185948	-55.37676168	0	0	0
5160	24.54936334	-55.37391401	0	0	0
5220	24.45715117	-55.37107816	0	0	0
5280	24.36522533	-55.36833401	0	0	0
5340	24.27302741	-55.36543647	0	0	0
5400	24.18005677	-55.36228755	0	0	0
5460	24.08711345	-55.35936671	0	0	0
5520	23.99496566	-55.3566156	0	0	0
5580	23.90277939	-55.35392719	0	0	0
5640	23.81050427	-55.3514744	0	0	0
5700	23.71843644	-55.34925655	0	0	0
5760	23.6271654	-55.34775912	0	0	0
5820	23.53522715	-55.34674977	0	0	0
5880	23.44380506	-55.34627846	0	0	0
5940	23.35279117	-55.34687868	0	0	0
6000	23.26189413	-55.34813304	0	0	0
6060	23.17055862	-55.34946467	0	0	0
6120	23.0790507	-55.35114264	0	0	0
6180	22.98562844	-55.35245625	0	0	0
6240	22.89124805	-55.35247478	0	0	0
6300	22.79697645	-55.35231393	0	0	0
6360	22.7026802	-55.35198318	0	0	0
6420	22.60739062	-55.35176885	0	0	0
6480	22.51241351	-55.35166165	0	0	0
6540	22.41764822	-55.35159158	0	0	0
6600	22.32337805	-55.35159778	0	0	0
6660	22.2292077	-55.35180473	0	0	0
6720	22.13464089	-55.35208007	0	0	0
6780	22.04090137	-55.35223405	0	0	0
6840	21.9474253	-55.3522949	0	0	0
6900	21.85401619	-55.35281986	0	0	0
6960	21.76084447	-55.35381169	0	0	0
7020	21.66799888	-55.35493512	0	0	0
7080	21.57560634	-55.35584464	0	0	0
7140	21.48324262	-55.35694007	0	0	0
7200	21.39041992	-55.3580837	0	0	0
7260	21.29779218	-55.35940946	0	0	0
7320	21.20977473	-55.34270969	0	0	0
7380	21.16894548	-55.2647932	0	0	0
7440	21.16799983	-55.17299124	0	0	0
7500	21.16767738	-55.08087094	0	0	0
7560	21.16786773	-54.98838946	0	0	0
7620	21.16817686	-54.89557137	0	0	0
7680	21.16846461	-54.80282812	0	0	0
7740	21.168504	-54.70952304	0	0	0
7800	21.16784653	-54.61600707	0	0	0
7860	21.16686593	-54.52208307	0	0	0
7920	21.16565323	-54.42787785	0	0	0
7980	21.1646485	-54.33310878	0	0	0
8040	21.16335986	-54.23824366	0	0	0
8100	21.16141099	-54.14353922	0	0	0
8160	21.15930755	-54.04871819	0	0	0
8220	21.15740217	-53.95385466	0	0	0
8280	21.15862928	-53.85866448	0	0	0
8340	21.16002051	-53.76331061	0	0	0
8400	21.16149489	-53.66814106	0	0	0
8460	21.17826498	-53.57664462	0	0	0
8520	21.25437467	-53.53134337	0	0	0
8580	21.34763768	-53.53457979	0	0	0
8640	21.44223056	-53.53894919	0	0	0
8700	21.5366537	-53.54290453	0	0	0
8760	21.6300711	-53.54646365	0	0	0
8820	21.72376771	-53.54486288	0	0	0
8880	21.81734621	-53.54131121	0	0	0
8940	21.9100581	-53.53755604	0	0	0
9000	22.00094199	-53.53420277	0	0	0
9060	22.09180995	-53.53126525	0	0	0
9120	22.18298988	-53.52803989	0	0	0
9180	22.27560195	-53.52743103	0	0	0
9240	22.36987506	-53.53066016	0	0	0
9300	22.46255703	-53.53330666	0	0	0
9360	22.55420065	-53.53570481	0	0	0
9420	22.64638633	-53.53801017	0	0	0
9480	22.73691793	-53.54020966	0	0	0
9540	22.82733478	-53.5396785	0	0	0
9600	22.91811347	-53.53877502	0	0	0
9660	23.0084672	-53.53841392	0	0	0
9720	23.09952962	-53.53771546	0	0	0
9780	23.19013355	-53.53706033	0	0	0
9840	23.27985571	-53.53711909	0	0	0
9900	23.3705339	-53.53684567	0	0	0
9960	23.4606858	-53.53626363	0	0	0
10020	23.55065924	-53.53603698	0	0	0
10080	23.64122068	-53.53595082	0	0	0
10140	23.73150224	-53.5355619	0	0	0
10200	23.82140075	-53.53543315	0	0	0
10260	23.91180502	-53.53532016	0	0	0
10320	24.00280139	-53.53493837	0	0	0
10380	24.09396674	-53.53444358	0	0	0
10440	24.18525011	-53.53393983	0	0	0
10500	24.27675602	-53.53315445	0	0	0
10560	24.3682574	-53.53239815	0	0	0
10620	24.4598732	-53.53197687	0	0	0
10680	24.55143426	-53.53172039	0	0	0
10740	24.64278476	-53.53170186	0	0	0
10800	24.7337808	-53.53145594	0	0	0
10860	24.82447593	-53.53115821	0	0	0
10920	24.91517575	-53.53047668	0	0	0
10980	25.00586241	-53.52990503	0	0	0
11040	25.09676406	-53.52940438	0	0	0
11100	25.18788356	-53.52889761	0	0	0
11160	25.27908823	-53.52848237	0	0	0
11220	25.37018468	-53.52817149	0	0	0
11280	25.46151473	-53.52837165	0	0	0
11340	25.55250968	-53.52875361	0	0	0
11400	25.64337026	-53.52923415	0	0	0
11460	25.73476084	-53.52971569	0	0	0
11520	25.82651175	-53.53026235	0	0	0
11580	25.91826593	-53.5307123	0	0	0
11640	26.00986035	-53.53090701	0	0	0
11700	26.10150891	-53.5310987	0	0	0
11760	26.19330743	-53.53134798	0	0	0
11820	26.28546922	-53.53166859	0	0	0
11880	26.37819537	-53.53186917	0	0	0
11940	26.47053729	-53.53209975	0	0	0
12000	26.56287979	-53.53280366	0	0	0
12060	26.65515365	-53.53373204	0	0	0
12120	26.74776278	-53.53468423	0	0	0
12180	26.84008735	-53.53525906	0	0	0
12240	26.93265768	-53.53539753	0	0	0
12300	27.0253347	-53.53538948	0	0	0
12360	27.11830996	-53.53525177	0	0	0
12420	27.21154941	-53.53527565	0	0	0
12480	27.30458929	-53.53554312	0	0	0
12540	27.39738559	-53.53622918	0	0	0
12600	27.49035507	-53.54160852	0	0	0
12660	27.58265608	-53.54670513	0	0	0
12720	27.67489607	-53.55183159	0	0	0
12780	27.76734796	-53.55714119	0	0	0
12840	27.85953331	-53.56227092	0	0	0
12900	27.95145638	-53.56339904	0	0	0
12960	28.04303966	-53.56344053	0	0	0
13020	28.13475377	-53.56335738	0	0	0
13080	28.22660543	-53.56324053	0	0	0
13140	28.31889664	-53.56335285	0	0	0
13200	28.41118835	-53.56322838	0	0	0
13260	28.50304772	-53.56299587	0	0	0
13320	28.594948	-53.56282303	0	0	0
13380	28.68721004	-53.56273284	0	0	0
13440	28.7794901	-53.56232598	0	0	0
13500	28.87114093	-53.56151797	0	0	0
13560	28.96206203	-53.55984025	0	0	0
13620	29.05318799	-53.55807913	0	0	0
13680	29.1442774	-53.55616319	0	0	0
13740	29.23559538	-53.55425061	0	0	0
13800	29.32679032	-53.55218573	0	0	0
13860	29.4181596	-53.55022436	0	0	0
13920	29.50945077	-53.54852753	0	0	0
13980	29.60097034	-53.54704896	0	0	0
14040	29.69275553	-53.54600474	0	0	0
14100	29.78445849	-53.54500294	0	0	0
14160	29.87646614	-53.54415377	0	0	0
14220	29.96925364	-53.54560912	0	0	0
14280	30.06162096	-53.54683195	0	0	0
14340	30.15454232	-53.54797659	0	0	0
14400	30.24692397	-53.54935465	0	0	0
14460	30.33922523	-53.5508043	0	0	0
14520	30.43145668	-53.55210627	0	0	0
14580	30.52381335	-53.55302375	0	0	0
14640	30.61603272	-53.55371366	0	0	0
14700	30.7082702	-53.55432462	0	0	0
14760	30.80046192	-53.55509081	0	0	0
14820	30.89269353	-53.55590218	0	0	0
14880	30.98526838	-53.5567801	0	0	0
14940	31.0774368	-53.55757252	0	0	0
15000	31.16982708	-53.55816588	0	0	0
15060	31.26274047	-53.55868095	0	0	0
15120	31.35581673	-53.55903558	0	0	0
15180	31.44891654	-53.55939668	0	0	0
15240	31.54201157	-53.56002364	0	0	0
15300	31.63516746	-53.5607729	0	0	0
15360	31.72854681	-53.5610138	0	0	0
15420	31.82187435	-53.56084557	0	0	0
15480	31.91554958	-53.56047685	0	0	0
15540	32.00939965	-53.56006304	0	0	0
15600	32.1033338	-53.55954051	0	0	0
15660	32.19700869	-53.5590091	0	0	0
15720	32.29038334	-53.55842538	0	0	0
15780	32.38393502	-53.55774527	0	0	0
15840	32.4780047	-53.55694472	0	0	0
15900	32.57218561	-53.55614224	0	0	0
15960	32.6667396	-53.55523573	0	0	0
16020	32.76165199	-53.55440073	0	0	0
16080	32.85703897	-53.55374627	0	0	0
16140	32.95276442	-53.553226	0	0	0
16200	33.04869672	-53.55272141	0	0	0
16260	33.1445686	-53.55198515	0	0	0
16320	33.24039831	-53.55106892	0	0	0
16380	33.33522135	-53.54966135	0	0	0
16440	33.42940687	-53.54753821	0	0	0
16500	33.52325653	-53.54410515	0	0	0
16560	33.61715253	-53.54136972	0	0	0
16620	33.71102239	-53.54328565	0	0	0
16680	33.8050567	-53.54522238	0	0	0
16740	33.88874271	-53.50112803	0	0	0
16800	33.91385213	-53.39357883	0	0	0
16860	33.87770601	-53.2865643	0	0	0
16920	33.87166106	-53.17151162	0	0	0
16980	33.87160599	-53.0560929	0	0	0
17040	33.87156031	-52.94044124	0	0	0
17100	33.87151564	-52.82523785	0	0	0
17160	33.86838382	-52.71137682	0	0	0
17220	33.86338209	-52.59793648	0	0	0
17280	33.85828891	-52.4841632	0	0	0
17340	33.81113492	-52.38964518	0	0	0
17400	33.72023326	-52.36805951	0	0	0
17460	33.62566855	-52.3673442	0	0	0
17520	33.53077987	-52.36539801	0	0	0
17580	33.43571467	-52.36345349	0	0	0
17640	33.3408265	-52.36152984	0	0	0
17700	33.24624427	-52.35960192	0	0	0
17760	33.15240534	-52.35768791	0	0	0
17820	33.05867739	-52.35577466	0	0	0
17880	32.96508665	-52.3538573	0	0	0
17940	32.87163313	-52.35232542	0	0	0
18000	32.77832067	-52.35234261	0	0	0
18060	32.68472733	-52.35286823	0	0	0
18120	32.59104305	-52.35483069	0	0	0
18180	32.49738718	-52.35678946	0	0	0
18240	32.40395268	-52.35874194	0	0	0
18300	32.3105502	-52.36068436	0	0	0
18360	32.2164962	-52.36263885	0	0	0
18420	32.12228687	-52.36459586	0	0	0
18480	32.02877602	-52.36654071	0	0	0
18540	31.93529064	-52.36523414	0	0	0
18600	31.84164173	-52.36142825	0	0	0
18660	31.74778612	-52.35761533	0	0	0
18720	31.65412867	-52.35382461	0	0	0
18780	31.56062099	-52.35113301	0	0	0
18840	31.4672735	-52.34925371	0	0	0
18900	31.37397311	-52.3473749	0	0	0
18960	31.28085209	-52.34550113	0	0	0
19020	31.18759093	-52.34362886	0	0	0
19080	31.09448265	-52.34269856	0	0	0
19140	31.00166934	-52.34271088	0	0	0
19200	30.90902584	-52.34273124	0	0	0
19260	30.81621763	-52.34274868	0	0	0
19320	30.72308706	-52.34276561	0	0	0
19380	30.63063886	-52.34279327	0	0	0
19440	30.53887839	-52.34282051	0	0	0
19500	30.44680956	-52.34283417	0	0	0
19560	30.3541477	-52.34285253	0	0	0
19620	30.26167301	-52.34286577	0	0	0
19680	30.16895634	-52.34287726	0	0	0
19740	30.07582736	-52.34289922	0	0	0
19800	29.98288555	-52.34291682	0	0	0
19860	29.89012429	-52.34294213	0	0	0
19920	29.79760936	-52.3444948	0	0	0
19980	29.70504968	-52.34635927	0	0	0
20040	29.61252294	-52.34823128	0	0	0
20100	29.51953897	-52.35010221	0	0	0
20160	29.42658115	-52.35197757	0	0	0
20220	29.3332531	-52.35386157	0	0	0
20280	29.2397715	-52.35574272	0	0	0
20340	29.14591572	-52.35762706	0	0	0
20400	29.05215131	-52.3595145	0	0	0
20460	28.95855496	-52.3613959	0	0	0
20520	28.86499875	-52.36326506	0	0	0
20580	28.77186424	-52.36249971	0	0	0
20640	28.6791567	-52.36068184	0	0	0
20700	28.58581315	-52.35884805	0	0	0
20760	28.49252248	-52.35701778	0	0	0
20820	28.39925738	-52.35519011	0	0	0
20880	28.30516021	-52.3533403	0	0	0
20940	28.2103929	-52.35148321	0	0	0
21000	28.11519217	-52.34962226	0	0	0
21060	28.01843215	-52.34772317	0	0	0
21120	27.92231309	-52.34585384	0	0	0
21180	27.82609739	-52.34520868	0	0	0
21240	27.73044739	-52.34523442	0	0	0
21300	27.63455272	-52.34525604	0	0	0
21360	27.53788733	-52.34527163	0	0	0
21420	27.4416583	-52.34529032	0	0	0
21480	27.34490943	-52.34531555	0	0	0
21540	27.2479024	-52.34509435	0	0	0
21600	27.1615677	-52.30512215	0	0	0
21660	27.07971641	-52.25444667	0	0	0
21720	26.99524526	-52.20981438	0	0	0
21780	26.89891658	-52.20627151	0	0	0
21840	26.80236669	-52.20440101	0	0	0
21900	26.7058184	-52.20255305	0	0	0
21960	26.60906442	-52.20068288	0	0	0
22020	26.51230247	-52.19881992	0	0	0
22080	26.41498379	-52.19694623	0	0	0
22140	26.31843483	-52.19352591	0	0	0
22200	26.22193255	-52.18979554	0	0	0
22260	26.12509626	-52.18744333	0	0	0
22320	26.02668366	-52.18848704	0	0	0
22380	25.92861263	-52.19039594	0	0	0
22440	25.83127753	-52.19228874	0	0	0
22500	25.73533726	-52.19416587	0	0	0
22560	25.64070323	-52.19599044	0	0	0
22620	25.54791589	-52.19779029	0	0	0
22680	25.45298346	-52.1996017	0	0	0
22740	25.35903809	-52.20144169	0	0	0
22800	25.26579235	-52.20324305	0	0	0
22860	25.17274199	-52.20493259	0	0	0
22920	25.07891765	-52.20162082	0	0	0
22980	24.98341927	-52.19819622	0	0	0
23040	24.88824033	-52.19644826	0	0	0
23100	24.79273743	-52.19473005	0	0	0
23160	24.69779804	-52.19305912	0	0	0
23220	24.60239522	-52.19237801	0	0	0
23280	24.50730915	-52.19248236	0	0	0
23340	24.41251033	-52.1925977	0	0	0
23400	24.31745343	-52.19270708	0	0	0
23460	24.22272535	-52.19280758	0	0	0
23520	24.12772947	-52.19293314	0	0	0
23580	24.03219514	-52.19303858	0	0	0
23640	23.9370172	-52.19316188	0	0	0
23700	23.84243438	-52.19326666	0	0	0
23760	23.74773497	-52.19337034	0	0	0
23820	23.65279784	-52.19347939	0	0	0
23880	23.55777573	-52.19358928	0	0	0
23940	23.4608567	-52.19367511	0	0	0
24000	23.36458778	-52.1937922	0	0	0
24060	23.26888564	-52.19390779	0	0	0
24120	23.17290732	-52.19400426	0	0	0
24180	23.07676219	-52.19411273	0	0	0
24240	22.98012254	-52.19422345	0	0	0
24300	22.88298567	-52.19431716	0	0	0
24360	22.78598174	-52.19442721	0	0	0
24420	22.68937569	-52.19454565	0	0	0
24480	22.59316955	-52.19464741	0	0	0
24540	22.49726591	-52.1947604	0	0	0
24600	22.40194481	-52.19488705	0	0	0
24660	22.30592701	-52.19498704	0	0	0
24720	22.21025362	-52.19509182	0	0	0
24780	22.11431343	-52.19519206	0	0	0
24840	22.01918545	-52.19530698	0	0	0
24900	21.92340285	-52.19540111	0	0	0
24960	21.82658851	-52.19587477	0	0	0
25020	21.72996956	-52.19777562	0	0	0
25080	21.63364062	-52.19967487	0	0	0
25140	21.53756423	-52.20157916	0	0	0
25200	21.4420874	-52.20346626	0	0	0
25260	21.34646773	-52.20535152	0	0	0
25320	21.25127337	-52.20719227	0	0	0
25380	21.17050535	-52.16583788	0	0	0
25440	21.15062012	-52.0754865	0	0	0
25500	21.15967995	-51.98118799	0	0	0
25560	21.16421943	-51.886632	0	0	0
25620	21.16712132	-51.79245419	0	0	0
25680	21.16854952	-51.6985705	0	0	0
25740	21.16998785	-51.60443452	0	0	0
25800	21.17026085	-51.51067564	0	0	0
25860	21.1701606	-51.41658249	0	0	0
25920	21.1700591	-51.32256243	0	0	0
25980	21.16995499	-51.22858797	0	0	0
26040	21.16984092	-51.1347576	0	0	0
26100	21.16973505	-51.04062279	0	0	0
26160	21.16962936	-50.94638346	0	0	0
26220	21.16952274	-50.8522178	0	0	0
26280	21.16942375	-50.75774764	0	0	0
26340	21.16931831	-50.66319189	0	0	0
26400	21.17697065	-50.56963275	0	0	0
26460	21.24245628	-50.51240514	0	0	0
26520	21.33158231	-50.50993483	0	0	0
26580	21.42133556	-50.50816474	0	0	0
26640	21.51166457	-50.50637185	0	0	0
26700	21.60259053	-50.5045632	0	0	0
26760	21.69368405	-50.50167387	0	0	0
26820	21.78492115	-50.49815255	0	0	0
26880	21.87611768	-50.49463928	0	0	0
26940	21.96676629	-50.49169849	0	0	0
27000	22.05785385	-50.48988892	0	0	0
27060	22.14926823	-50.48806803	0	0	0
27120	22.24103012	-50.48624028	0	0	0
27180	22.33307222	-50.48441092	0	0	0
27240	22.423779	-50.4826089	0	0	0
27300	22.51366585	-50.48081601	0	0	0
27360	22.60354836	-50.47901868	0	0	0
27420	22.6940201	-50.47720534	0	0	0
27480	22.78443368	-50.47539929	0	0	0
27540	22.87568151	-50.47355267	0	0	0
27600	22.96715196	-50.4717312	0	0	0
27660	23.05844849	-50.46990713	0	0	0
27720	23.14985071	-50.46806538	0	0	0
27780	23.24182425	-50.46622639	0	0	0
27840	23.33372285	-50.46437985	0	0	0
27900	23.42555515	-50.46254036	0	0	0
27960	23.51740178	-50.46069819	0	0	0
28020	23.60897725	-50.45886448	0	0	0
28080	23.70012735	-50.4570244	0	0	0
28140	23.79161272	-50.45518432	0	0	0
28200	23.88290917	-50.45334164	0	0	0
28260	23.97435221	-50.45149796	0	0	0
28320	24.06585409	-50.44965478	0	0	0
28380	24.15749084	-50.44780648	0	0	0
28440	24.24932792	-50.44594411	0	0	0
28500	24.34144755	-50.44408442	0	0	0
28560	24.43364689	-50.44221953	0	0	0
28620	24.52576862	-50.44035489	0	0	0
28680	24.61783905	-50.43848765	0	0	0
28740	24.70973555	-50.43662159	0	0	0
28800	24.80207638	-50.43474538	0	0	0
28860	24.89471292	-50.43286432	0	0	0
28920	24.9868442	-50.43099046	0	0	0
28980	25.07936558	-50.4291073	0	0	0
29040	25.1724011	-50.42720921	0	0	0
29100	25.2652632	-50.42531474	0	0	0
29160	25.35849527	-50.42341305	0	0	0
29220	25.45174202	-50.42331481	0	0	0
29280	25.54489908	-50.42498885	0	0	0
29340	25.63833433	-50.42666967	0	0	0
29400	25.73151	-50.42836399	0	0	0
29460	25.82410564	-50.43003593	0	0	0
29520	25.91685249	-50.43170099	0	0	0
29580	26.01022387	-50.43339338	0	0	0
29640	26.10314045	-50.43507052	0	0	0
29700	26.19644545	-50.43675813	0	0	0
29760	26.29020869	-50.43706717	0	0	0
29820	26.38364621	-50.43694781	0	0	0
29880	26.47651937	-50.43682585	0	0	0
29940	26.56960082	-50.4367132	0	0	0
30000	26.66262989	-50.43659971	0	0	0
30060	26.75567111	-50.43647666	0	0	0
30120	26.84896655	-50.43636225	0	0	0
30180	26.9414161	-50.43633007	0	0	0
30240	27.03473593	-50.4351887	0	0	0
30300	27.12629372	-50.4333933	0	0	0
30360	27.21774381	-50.43158733	0	0	0
30420	27.30934275	-50.42979319	0	0	0
30480	27.40003813	-50.42801262	0	0	0
30540	27.49056352	-50.42623012	0	0	0
30600	27.58139142	-50.42443397	0	0	0
30660	27.67348548	-50.42261551	0	0	0
30720	27.76517663	-50.42080485	0	0	0
30780	27.85658313	-50.41899595	0	0	0
30840	27.94749887	-50.41719317	0	0	0
30900	28.03908734	-50.41537338	0	0	0
30960	28.13018228	-50.41356171	0	0	0
31020	28.22163454	-50.41080466	0	0	0
31080	28.31357773	-50.4071618	0	0	0
31140	28.4054843	-50.40352413	0	0	0
31200	28.49694352	-50.39990474	0	0	0
31260	28.5879647	-50.39628318	0	0	0
31320	28.67865128	-50.39267963	0	0	0
31380	28.76991981	-50.38904339	0	0	0
31440	28.8619236	-50.38538167	0	0	0
31500	28.95360134	-50.38172943	0	0	0
31560	29.04527111	-50.37806796	0	0	0
31620	29.13675296	-50.37441202	0	0	0
31680	29.22834981	-50.37074729	0	0	0
31740	29.31958884	-50.36348269	0	0	0
31800	29.38179622	-50.29586798	0	0	0
31860	29.36995544	-50.19658676	0	0	0
31920	29.29562959	-50.12977562	0	0	0
31980	29.21214575	-50.07524011	0	0	0
32040	29.12430047	-50.02837035	0	0	0
32100	29.04219378	-49.97555003	0	0	0
32160	28.96268757	-49.91907561	0	0	0
32220	28.88307198	-49.86256457	0	0	0
32280	28.80403114	-49.80650598	0	0	0
32340	28.7245178	-49.75013567	0	0	0
32400	28.64509877	-49.69389914	0	0	0
32460	28.56604468	-49.63795857	0	0	0
32520	28.48715572	-49.58216627	0	0	0
32580	28.40789359	-49.52615303	0	0	0
32640	28.32800609	-49.46973042	0	0	0
32700	28.24791801	-49.41322097	0	0	0
32760	28.15848738	-49.38717596	0	0	0
32820	28.07951233	-49.4484833	0	0	0
32880	28.03233437	-49.54758916	0	0	0
32940	27.98526077	-49.64714371	0	0	0
33000	27.92709991	-49.73801175	0	0	0
33060	27.87025888	-49.82939562	0	0	0
33120	27.81311818	-49.92122297	0	0	0
33180	27.75575101	-50.01334218	0	0	0
33240	27.69872834	-50.10490106	0	0	0
33300	27.64098524	-50.19609349	0	0	0
33360	27.58134012	-50.28497636	0	0	0
33420	27.52110936	-50.37467245	0	0	0
33480	27.46032204	-50.46513557	0	0	0
33540	27.40022957	-50.55455304	0	0	0
33600	27.34006863	-50.64400261	0	0	0
33660	27.27971759	-50.7336733	0	0	0
33720	27.21917527	-50.82358086	0	0	0
33780	27.15907451	-50.9124313	0	0	0
33840	27.09793389	-50.99991943	0	0	0
33900	27.03640996	-51.08788448	0	0	0
33960	26.97492326	-51.17576446	0	0	0
34020	26.91391172	-51.26290298	0	0	0
34080	26.85331869	-51.34940556	0	0	0
34140	26.79241955	-51.43627862	0	0	0
34200	26.73142696	-51.52325126	0	0	0
34260	26.67037527	-51.6102467	0	0	0
34320	26.60906768	-51.69754724	0	0	0
34380	26.55728529	-51.78568404	0	0	0
34440	26.55828835	-51.89291465	0	0	0
34500	26.53153843	-51.99332574	0	0	0
34560	26.47319418	-52.07945835	0	0	0
34620	26.41574018	-52.16414097	0	0	0
34680	26.35840544	-52.24864229	0	0	0
34740	26.30141974	-52.33258093	0	0	0
34800	26.24307984	-52.41580367	0	0	0
34860	26.18488203	-52.49840993	0	0	0
34920	26.12654541	-52.58114954	0	0	0
34980	26.06728661	-52.66514886	0	0	0
35040	26.00746245	-52.7499474	0	0	0
35100	25.94802537	-52.83411428	0	0	0
35160	25.88887529	-52.91783726	0	0	0
35220	25.82914853	-53.00233388	0	0	0
35280	25.76885934	-53.08759502	0	0	0
35340	25.71043429	-53.17019004	0	0	0
35400	25.65173591	-53.25309327	0	0	0
35460	25.59247929	-53.33676193	0	0	0
35520	25.53262772	-53.42121472	0	0	0
35580	25.47374141	-53.50428541	0	0	0
35640	25.41419218	-53.58822531	0	0	0
35700	25.35459727	-53.67219371	0	0	0
35760	25.2952803	-53.75573027	0	0	0
35820	25.23647991	-53.8385216	0	0	0
35880	25.17683588	-53.92106398	0	0	0
35940	25.1164389	-54.00302642	0	0	0
36000	25.05685681	-54.08382411	0	0	0
36060	24.99746189	-54.16434746	0	0	0
36120	24.93803018	-54.24486922	0	0	0
36180	24.8785283	-54.32544337	0	0	0
36240	24.81823325	-54.40703097	0	0	0
36300	24.75711702	-54.48971048	0	0	0
36360	24.69578127	-54.57264304	0	0	0
36420	24.63537457	-54.65428462	0	0	0
36480	24.57436094	-54.7366851	0	0	0
36540	24.5130894	-54.81940828	0	0	0
36600	24.45183696	-54.90206634	0	0	0
36660	24.39029217	-54.98507802	0	0	0
36720	24.32943402	-55.06711833	0	0	0
36780	24.26923913	-55.14823646	0	0	0
36840	24.20836682	-55.23021357	0	0	0
36900	24.14712561	-55.31264758	0	0	0
36960	24.08554092	-55.39549917	0	0	0
37020	24.02419805	-55.47799344	0	0	0
37080	23.9625608	-55.56083908	0	0	0
37140	23.90075902	-55.64387893	0	0	0
37200	23.8387761	-55.72710863	0	0	0
37260	23.77681028	-55.81027631	0	0	0
37320	23.71619948	-55.89160055	0	0	0
37380	23.65567309	-55.97275539	0	0	0
37440	23.59521752	-56.05378225	0	0	0
37500	23.53434144	-56.13532442	0	0	0
37560	23.47355654	-56.21670649	0	0	0
37620	23.41267501	-56.29819108	0	0	0
37680	23.37134904	-56.39035296	0	0	0
37740	23.40673509	-56.48383833	0	0	0
37800	23.49374687	-56.52128524	0	0	0
37860	23.58659036	-56.53925085	0	0	0
37920	23.67955531	-56.55725316	0	0	0
37980	23.77046837	-56.58736465	0	0	0
38040	23.86078396	-56.61925251	0	0	0
38100	23.95150172	-56.6515137	0	0	0
38160	24.04123351	-56.68512387	0	0	0
38220	24.13054353	-56.71860832	0	0	0
38280	24.22006519	-56.7521962	0	0	0
38340	24.30976739	-56.78587628	0	0	0
38400	24.39948879	-56.81921488	0	0	0
38460	24.49034292	-56.85146442	0	0	0
38520	24.5813434	-56.88377791	0	0	0
38580	24.67239032	-56.91613155	0	0	0
38640	24.76280582	-56.94827783	0	0	0
38700	24.85448406	-56.98089768	0	0	0
38760	24.94625559	-57.01357436	0	0	0
38820	25.03817288	-57.04573162	0	0	0
38880	25.12997098	-57.07653662	0	0	0
38940	25.22158368	-57.10729586	0	0	0
39000	25.31324113	-57.13809785	0	0	0
39060	25.40529932	-57.16906118	0	0	0
39120	25.49754887	-57.20010742	0	0	0
39180	25.58959943	-57.23249719	0	0	0
39240	25.68198712	-57.26453684	0	0	0
39300	25.77196685	-57.23914504	0	0	0
39360	25.80950998	-57.14858092	0	0	0
39420	25.80958634	-57.04698077	0	0	0
39480	25.80955926	-56.94547123	0	0	0
39540	25.80953554	-56.84476979	0	0	0
39600	25.81292393	-56.74433213	0	0	0
39660	25.81769591	-56.64319089	0	0	0
39720	25.82251743	-56.54117567	0	0	0
39780	25.82737064	-56.4384391	0	0	0
39840	25.83219367	-56.33621433	0	0	0
39900	25.83704093	-56.23349654	0	0	0
39960	25.84186337	-56.13129239	0	0	0
40020	25.85660479	-56.03168881	0	0	0
40080	25.92103162	-55.95860666	0	0	0
40140	25.97037144	-55.87620785	0	0	0
40200	25.97777132	-55.77589944	0	0	0
40260	25.98102995	-55.67480556	0	0	0
40320	25.98419881	-55.57366859	0	0	0
40380	25.98738813	-55.47159327	0	0	0
40440	25.99057853	-55.36940983	0	0	0
40500	25.99379358	-55.26671466	0	0	0
40560	25.99701005	-55.16417507	0	0	0
40620	26.00021303	-55.06199028	0	0	0
40680	26.0034093	-54.96006215	0	0	0
40740	26.00659015	-54.85842076	0	0	0
40800	26.00976169	-54.75721012	0	0	0
40860	26.04392809	-54.66614376	0	0	0
40920	26.08659927	-54.57909795	0	0	0
40980	26.09202873	-54.4751507	0	0	0
41040	26.09656041	-54.37139958	0	0	0
41100	26.100991	-54.26767671	0	0	0
41160	26.1042829	-54.16326486	0	0	0
41220	26.10731581	-54.05937796	0	0	0
41280	26.10805426	-53.95779926	0	0	0
41340	26.10564924	-53.85314802	0	0	0
41400	26.10232581	-53.7486111	0	0	0
41460	26.09902267	-53.64469972	0	0	0
41520	26.09576077	-53.54078257	0	0	0
41580	26.0965625	-53.43709884	0	0	0
41640	26.09983211	-53.33209748	0	0	0
41700	26.10202373	-53.22624335	0	0	0
41760	26.10364638	-53.1208643	0	0	0
41820	26.10526937	-53.01599127	0	0	0
41880	26.10687744	-52.91224125	0	0	0
41940	26.10845407	-52.81014623	0	0	0
42000	26.11003582	-52.708115	0	0	0
42060	26.11161623	-52.60660881	0	0	0
42120	26.11316336	-52.50600971	0	0	0
42180	26.11472399	-52.40551564	0	0	0
42240	26.11630524	-52.30377467	0	0	0
42300	26.11789134	-52.20156709	0	0	0
42360	26.11946781	-52.09999024	0	0	0
42420	26.12104319	-51.99858011	0	0	0
42480	26.12260742	-51.89771296	0	0	0
42540	26.12416855	-51.79736473	0	0	0
42600	26.12573328	-51.69656371	0	0	0
42660	26.12731487	-51.59498996	0	0	0
42720	26.12888999	-51.49299284	0	0	0
42780	26.13048289	-51.39029567	0	0	0
42840	26.1320721	-51.28830166	0	0	0
42900	26.13069311	-51.18636539	0	0	0
42960	26.12905554	-51.08449518	0	0	0
43020	26.12741813	-50.98253427	0	0	0
43080	26.12579456	-50.88078492	0	0	0
43140	26.12415103	-50.77868488	0	0	0
43200	26.12280331	-50.67661526	0	0	0
43260	26.12277581	-50.57656861	0	0	0
43320	26.12391114	-50.47724239	0	0	0
43380	26.12545794	-50.37732281	0	0	0
43440	26.12701245	-50.27711288	0	0	0
43500	26.12713004	-50.17646299	0	0	0
43560	26.12710834	-50.07605994	0	0	0
43620	26.12708663	-49.97487981	0	0	0
43680	26.12706668	-49.87357269	0	0	0
43740	26.12704379	-49.77161279	0	0	0
43800	26.12701538	-49.66970444	0	0	0
43860	26.12698638	-49.56777991	0	0	0
43920	26.12696635	-49.46413843	0	0	0
43980	26.12694154	-49.36040442	0	0	0
44040	26.1269153	-49.25672455	0	0	0
44100	26.12688923	-49.15306949	0	0	0
44160	26.12686099	-49.04974133	0	0	0
44220	26.1268355	-48.94695464	0	0	0
44280	26.12660877	-48.84380165	0	0	0
44340	26.12498595	-48.74172726	0	0	0
44400	26.12226326	-48.63967658	0	0	0
44460	26.1190105	-48.53706398	0	0	0
44520	26.11190549	-48.43508556	0	0	0
44580	26.04914339	-48.36267455	0	0	0
44640	25.95741738	-48.37145467	0	0	0
44700	25.88259104	-48.43831904	0	0	0
44760	25.81722527	-48.51569801	0	0	0
44820	25.75248186	-48.59513883	0	0	0
44880	25.67936283	-48.66438484	0	0	0
44940	25.60070034	-48.72608227	0	0	0
45000	25.52117921	-48.78750519	0	0	0
45060	25.44139816	-48.8490753	0	0	0
45120	25.36162784	-48.91059377	0	0	0
45180	25.28175979	-48.97213421	0	0	0
45240	25.20196969	-49.03357549	0	0	0
45300	25.1223054	-49.09463489	0	0	0
45360	25.04112231	-49.15479172	0	0	0
45420	24.95968424	-49.21508124	0	0	0
45480	24.87804106	-49.2754871	0	0	0
45540	24.79721328	-49.33652513	0	0	0
45600	24.71638902	-49.39852565	0	0	0
45660	24.63470981	-49.46113369	0	0	0
45720	24.55329998	-49.52350108	0	0	0
45780	24.47172781	-49.58594198	0	0	0
45840	24.3907401	-49.64789154	0	0	0
45900	24.30992179	-49.70966491	0	0	0
45960	24.22912485	-49.7713905	0	0	0
46020	24.14834719	-49.83304845	0	0	0
46080	24.06770582	-49.89457103	0	0	0
46140	23.98543065	-49.95395464	0	0	0
46200	23.90300679	-50.01219353	0	0	0
46260	23.82072357	-50.07029696	0	0	0
46320	23.73879936	-50.12868614	0	0	0
46380	23.65759548	-50.18821919	0	0	0
46440	23.5771966	-50.24927356	0	0	0
46500	23.49667358	-50.31044327	0	0	0
46560	23.41625283	-50.37149755	0	0	0
46620	23.33613818	-50.43257531	0	0	0
46680	23.29315301	-50.52508512	0	0	0
46740	23.32928203	-50.61963097	0	0	0
46800	23.40775877	-50.68056028	0	0	0
46860	23.48939675	-50.73666673	0	0	0
46920	23.56697436	-50.800048	0	0	0
46980	23.64242013	-50.86597301	0	0	0
47040	23.71717664	-50.93169526	0	0	0
47100	23.7916035	-50.99716061	0	0	0
47160	23.86649924	-51.0630795	0	0	0
47220	23.94132357	-51.12896528	0	0	0
47280	24.0165369	-51.19523479	0	0	0
47340	24.09161772	-51.26144168	0	0	0
47400	24.1663366	-51.32736711	0	0	0
47460	24.24077461	-51.39309053	0	0	0
47520	24.3150303	-51.45868898	0	0	0
47580	24.38903823	-51.52409809	0	0	0
47640	24.46275188	-51.58928163	0	0	0
47700	24.52747978	-51.6638452	0	0	0
47760	24.55437932	-51.76707496	0	0	0
47820	24.57985947	-51.87098273	0	0	0
47880	24.60518732	-51.97433269	0	0	0
47940	24.63055389	-52.07789454	0	0	0
48000	24.6558462	-52.18113762	0	0	0
48060	24.68106341	-52.28411391	0	0	0
48120	24.7061657	-52.38664705	0	0	0
48180	24.74647662	-52.48107246	0	0	0
48240	24.81979757	-52.54683972	0	0	0
48300	24.89139176	-52.61386209	0	0	0
48360	24.96326365	-52.68221366	0	0	0
48420	25.03688324	-52.74708121	0	0	0
48480	25.11134212	-52.81176033	0	0	0
48540	25.18438454	-52.87674649	0	0	0
48600	25.25707089	-52.94146115	0	0	0
48660	25.32939943	-53.0058801	0	0	0
48720	25.4019142	-53.0705179	0	0	0
48780	25.47424433	-53.13501857	0	0	0
48840	25.54713353	-53.20004689	0	0	0
48900	25.61994578	-53.26506003	0	0	0
48960	25.6928359	-53.33019035	0	0	0
49020	25.76522704	-53.3949144	0	0	0
49080	25.837197	-53.45928524	0	0	0
49140	25.90951597	-53.52400023	0	0	0
49200	25.9820015	-53.58891481	0	0	0
49260	26.05455173	-53.65392778	0	0	0
49320	26.12670785	-53.7205583	0	0	0
49380	26.19850388	-53.7872904	0	0	0
49440	26.27093609	-53.85467855	0	0	0
49500	26.34373837	-53.92245236	0	0	0
49560	26.41640235	-53.99014587	0	0	0
49620	26.48835621	-54.05721735	0	0	0
49680	26.5593143	-54.12339415	0	0	0
49740	26.62956135	-54.19291399	0	0	0
49800	26.69870803	-54.26444029	0	0	0
49860	26.76670773	-54.33757131	0	0	0
49920	26.83428364	-54.410286	0	0	0
49980	26.9013775	-54.48255099	0	0	0
50040	26.96748616	-54.55378443	0	0	0
50100	27.0336146	-54.62507813	0	0	0
50160	27.09936367	-54.69598157	0	0	0
50220	27.16530385	-54.76717738	0	0	0
50280	27.23096475	-54.83808065	0	0	0
50340	27.29647142	-54.90886356	0	0	0
50400	27.36215838	-54.9798597	0	0	0
50460	27.4281046	-55.05119464	0	0	0
50520	27.49445298	-55.12302345	0	0	0
50580	27.56516003	-55.19042376	0	0	0
50640	27.64162252	-55.2527774	0	0	0
50700	27.71837703	-55.3130028	0	0	0
50760	27.79585331	-55.3717462	0	0	0
50820	27.8731736	-55.43042312	0	0	0
50880	27.95044603	-55.48909603	0	0	0
50940	28.02761167	-55.54788619	0	0	0
51000	28.10399638	-55.60815023	0	0	0
51060	28.1803437	-55.66845023	0	0	0
51120	28.25751831	-55.72762907	0	0	0
51180	28.34376457	-55.72635653	0	0	0
51240	28.39303675	-55.64590719	0	0	0
51300	28.37324599	-55.54496585	0	0	0
51360	28.36819723	-55.44249868	0	0	0
51420	28.3713547	-55.33951418	0	0	0
51480	28.37450252	-55.23662246	0	0	0
51540	28.37540852	-55.13206559	0	0	0
51600	28.3763426	-55.02690825	0	0	0
51660	28.37793457	-54.92169474	0	0	0
51720	28.37952144	-54.81640756	0	0	0
51780	28.38114174	-54.71010047	0	0	0
51840	28.3827447	-54.60408792	0	0	0
51900	28.38393518	-54.49741722	0	0	0
51960	28.38389235	-54.39077209	0	0	0
52020	28.38384968	-54.28471293	0	0	0
52080	28.38382998	-54.17810267	0	0	0
52140	28.38377567	-54.07123256	0	0	0
52200	28.38372437	-53.96695666	0	0	0
52260	28.38370761	-53.86174508	0	0	0
52320	28.38369009	-53.75559557	0	0	0
52380	28.38364508	-53.64968268	0	0	0
52440	28.3835916	-53.5464064	0	0	0
52500	28.38356185	-53.44364025	0	0	0
52560	28.38354014	-53.34045189	0	0	0
52620	28.38349194	-53.23791515	0	0	0
52680	28.38346613	-53.13599297	0	0	0
52740	28.38344517	-53.03412929	0	0	0
52800	28.38342187	-52.93165005	0	0	0
52860	28.38338717	-52.82952695	0	0	0
52920	28.38336487	-52.72856785	0	0	0
52980	28.3824489	-52.62686209	0	0	0
53040	28.3317316	-52.54202063	0	0	0
53100	28.23656154	-52.53094747	0	0	0
53160	28.151016	-52.58832947	0	0	0
53220	28.06638795	-52.64799555	0	0	0
53280	27.98621655	-52.71474944	0	0	0
53340	27.91099476	-52.78842855	0	0	0
53400	27.83484869	-52.86291584	0	0	0
53460	27.75910361	-52.93695915	0	0	0
53520	27.68372708	-53.0106095	0	0	0
53580	27.60821007	-53.0843332	0	0	0
53640	27.53195219	-53.15872955	0	0	0
53700	27.45572397	-53.23305742	0	0	0
53760	27.37886947	-53.30791913	0	0	0
53820	27.30186978	-53.38149967	0	0	0
53880	27.22482023	-53.45384806	0	0	0
53940	27.14836009	-53.52560101	0	0	0
54000	27.07203917	-53.59718104	0	0	0
54060	26.99527334	-53.66912451	0	0	0
54120	26.91812379	-53.74137475	0	0	0
54180	26.84113869	-53.81343213	0	0	0
54240	26.76485659	-53.88480596	0	0	0
54300	26.68798272	-53.95665404	0	0	0
54360	26.61182902	-54.02779302	0	0	0
54420	26.53592854	-54.09863208	0	0	0
54480	26.45977124	-54.16966167	0	0	0
54540	26.38247006	-54.24170614	0	0	0
54600	26.30530902	-54.31357275	0	0	0
54660	26.22807138	-54.38547238	0	0	0
54720	26.15096558	-54.45719716	0	0	0
54780	26.07418559	-54.52858969	0	0	0
54840	26.00660423	-54.60892956	0	0	0
54900	26.00754107	-54.71320462	0	0	0
54960	26.06460582	-54.79359018	0	0	0
55020	26.12045939	-54.87566091	0	0	0
55080	26.18767614	-54.94509174	0	0	0
55140	26.26636704	-54.9995814	0	0	0
55200	26.34530176	-55.05430978	0	0	0
55260	26.42450212	-55.11011884	0	0	0
55320	26.50377908	-55.1673068	0	0	0
55380	26.58267953	-55.2242822	0	0	0
55440	26.66060993	-55.28056735	0	0	0
55500	26.73830213	-55.33672459	0	0	0
55560	26.81582786	-55.39255897	0	0	0
55620	26.89388274	-55.44693992	0	0	0
55680	26.97229444	-55.50158205	0	0	0
55740	27.0503365	-55.55600583	0	0	0
55800	27.1287036	-55.6106845	0	0	0
55860	27.20763532	-55.66438526	0	0	0
55920	27.28672201	-55.71754321	0	0	0
55980	27.36568842	-55.77062781	0	0	0
56040	27.44598219	-55.82467323	0	0	0
56100	27.52614118	-55.8788588	0	0	0
56160	27.60597688	-55.93479979	0	0	0
56220	27.68570202	-55.99092032	0	0	0
56280	27.76499642	-56.04875344	0	0	0
56340	27.84381246	-56.10629135	0	0	0
56400	27.92226188	-56.16363103	0	0	0
56460	28.00031181	-56.22068882	0	0	0
56520	28.07877582	-56.27809606	0	0	0
56580	28.15758029	-56.33438339	0	0	0
56640	28.23644486	-56.38998801	0	0	0
56700	28.31503426	-56.4454255	0	0	0
56760	28.39305955	-56.50052184	0	0	0
56820	28.47129573	-56.55579815	0	0	0
56880	28.55003181	-56.61148198	0	0	0
56940	28.628801	-56.66722759	0	0	0
57000	28.70794008	-56.72327016	0	0	0
57060	28.7874757	-56.77963939	0	0	0
57120	28.86713329	-56.83614976	0	0	0
57180	28.94662114	-56.89257422	0	0	0
57240	29.02577137	-56.94918517	0	0	0
57300	29.10443377	-57.00729263	0	0	0
57360	29.18374686	-57.06593779	0	0	0
57420	29.26329196	-57.12480959	0	0	0
57480	29.34261393	-57.18356774	0	0	0
57540	29.42143441	-57.2419881	0	0	0
57600	29.50033268	-57.30051306	0	0	0
57660	29.57865117	-57.35866302	0	0	0
57720	29.65689909	-57.41679722	0	0	0
57780	29.73522982	-57.4750294	0	0	0
57840	29.81309242	-57.53296847	0	0	0
57900	29.89134846	-57.59125513	0	0	0
57960	29.96886103	-57.64902933	0	0	0
58020	30.04621871	-57.70673135	0	0	0
58080	30.12402733	-57.76480637	0	0	0
58140	30.20216024	-57.82318113	0	0	0
58200	30.27975043	-57.88119069	0	0	0
58260	30.35726334	-57.9391969	0	0	0
58320	30.43426721	-57.99686557	0	0	0
58380	30.51115223	-58.05448704	0	0	0
58440	30.58854938	-58.11252686	0	0	0
58500	30.66633278	-58.17091461	0	0	0
58560	30.74348065	-58.23071321	0	0	0
58620	30.82048402	-58.29086367	0	0	0
58680	30.89740257	-58.3509801	0	0	0
58740	30.97461205	-58.41138278	0	0	0
58800	31.05205203	-58.47201445	0	0	0
58860	31.12916512	-58.53245476	0	0	0
58920	31.20629841	-58.59295417	0	0	0
58980	31.28340807	-58.65348542	0	0	0
59040	31.36055879	-58.7140989	0	0	0
59100	31.43814982	-58.77510348	0	0	0
59160	31.51610621	-58.8364472	0	0	0
59220	31.59433108	-58.89804119	0	0	0
59280	31.67299105	-58.9600335	0	0	0
59340	31.75258828	-59.02282929	0	0	0
59400	31.83311683	-59.08640737	0	0	0
59460	31.91377111	-59.15015434	0	0	0
59520	31.99386673	-59.21350627	0	0	0
59580	32.07351769	-59.27658068	0	0	0
59640	32.15253239	-59.33917397	0	0	0
59700	32.23155127	-59.40183691	0	0	0
59760	32.30999541	-59.46409022	0	0	0
59820	32.38832748	-59.52630247	0	0	0
59880	32.46695878	-59.58881655	0	0	0
59940	32.5453175	-59.65116282	0	0	0
60000	32.6233713	-59.71331949	0	0	0
60060	32.70146155	-59.77556351	0	0	0
60120	32.77911938	-59.8375217	0	0	0
60180	32.85731273	-59.89995581	0	0	0
60240	32.93546819	-59.96240669	0	0	0
60300	33.01350757	-60.02483485	0	0	0
